{
  "camera_angle_x": 0.9873571614767964,
  "camera_angle_y": 0.9873571614767964,
  "fl_x": 237.86400861242336,
  "fl_y": 237.86400861242336,
  "k1": -0.2047185202656632,
  "k2": 0,
  "p1": 0,
  "p2": 0,
  "cx": 128.0,
  "cy": 128.0,
  "w": 256.0,
  "h": 256.0,
  "aabb_scale": 16,
  "frames": [
    {
      "file_path": "./images/i_0.png",
      "sharpness": 206.115234375,
      "transform_matrix": [
        [
          0.36357183344767596,
          -0.9315564717509354,
          -0.004249936530145244,
          0.011335449155569586
        ],
        [
          0.9315547899751435,
          0.3635410637751216,
          0.006600623085531745,
          0.030181218883087856
        ],
        [
          -0.004603826705769974,
          -0.0063588493688509625,
          0.9999691844821678,
          2.794029230389983
        ],
        [
          0.0,
          0.0,
          0.0,
          1.0
        ]
      ]
    },
    {
      "file_path": "./images/i_681.png",
      "sharpness": 264.2789611816406,
      "transform_matrix": [
        [
          -0.13003693587910875,
          -0.007628861824748025,
          0.9914798010410991,
          2.8554324031418123
        ],
        [
          0.9914953122570479,
          -0.006283641743382466,
          0.12999062127799052,
          0.377038117059826
        ],
        [
          0.0052384233772994546,
          0.999951157013812,
          0.008381086255565896,
          0.009037595263465684
        ],
        [
          0.0,
          0.0,
          0.0,
          1.0
        ]
      ]
    },
    {
      "file_path": "./images/i_1.png",
      "sharpness": 182.79244995117188,
      "transform_matrix": [
        [
          0.5202429921417545,
          -0.8539619326666842,
          0.00981054441107405,
          0.05371286422350184
        ],
        [
          0.8540008793659827,
          0.5202714021183634,
          0.000407653551945341,
          0.012860861498199755
        ],
        [
          -0.0054522663113716445,
          0.00816613465049502,
          0.999951792406266,
          2.829512858227752
        ],
        [
          0.0,
          0.0,
          0.0,
          1.0
        ]
      ]
    },
    {
      "file_path": "./images/i_10.png",
      "sharpness": 186.49557495117188,
      "transform_matrix": [
        [
          0.8525314888560435,
          0.522675862411302,
          -5.881807411788398e-05,
          0.026578994997686102
        ],
        [
          -0.5226745302703308,
          0.852529559622208,
          0.002164573526433603,
          0.018369024646483163
        ],
        [
          0.0011815144815068837,
          -0.0018146243819678557,
          0.9999976556279753,
          2.8694024032116445
        ],
        [
          0.0,
          0.0,
          0.0,
          1.0
        ]
      ]
    },
    {
      "file_path": "./images/i_100.png",
      "sharpness": 189.13824462890625,
      "transform_matrix": [
        [
          -0.8534609567332663,
          -0.5134120740701327,
          0.08951222055679535,
          0.2779395594507226
        ],
        [
          0.5211542697259213,
          -0.8402402290107158,
          0.14964820312973787,
          0.4344597718547349
        ],
        [
          -0.0016194256498078072,
          0.1743685745523425,
          0.9846791242677553,
          2.7618502762568715
        ],
        [
          0.0,
          0.0,
          0.0,
          1.0
        ]
      ]
    },
    {
      "file_path": "./images/i_1000.png",
      "sharpness": 203.82345581054688,
      "transform_matrix": [
        [
          -0.8452263958496744,
          0.3689194652569762,
          0.38664036003958796,
          1.208252124486476
        ],
        [
          0.5340626618184835,
          0.609130290359021,
          0.5862911926849907,
          1.819074546168768
        ],
        [
          -0.01922012148520893,
          0.7020389715607408,
          -0.7118791115348133,
          -2.2084836706151414
        ],
        [
          0.0,
          0.0,
          0.0,
          1.0
        ]
      ]
    },
    {
      "file_path": "./images/i_685.png",
      "sharpness": 145.97525024414062,
      "transform_matrix": [
        [
          0.5235456434810867,
          0.0689745981879099,
          0.8492010740071264,
          2.537030684654896
        ],
        [
          0.8518415241626065,
          -0.06145557289052948,
          -0.520181920364907,
          -1.5287660285441322
        ],
        [
          0.016308799560575987,
          0.9957237154274257,
          -0.09093022430336356,
          -0.27998132605797005
        ],
        [
          0.0,
          0.0,
          0.0,
          1.0
        ]
      ]
    },
    {
      "file_path": "./images/i_1001.png",
      "sharpness": 206.586181640625,
      "transform_matrix": [
        [
          -0.7395151022474268,
          0.4683339735934892,
          0.4835087412076195,
          1.5323820086760982
        ],
        [
          0.672926919264475,
          0.5324215713049157,
          0.5135140034506608,
          1.6199814168922193
        ],
        [
          -0.01693443000147387,
          0.7051174084255885,
          -0.708888330779447,
          -2.235374335275706
        ],
        [
          0.0,
          0.0,
          0.0,
          1.0
        ]
      ]
    },
    {
      "file_path": "./images/i_1002.png",
      "sharpness": 221.14120483398438,
      "transform_matrix": [
        [
          -0.6232728262189289,
          0.5522817946423493,
          0.5536386940069852,
          1.608082763292911
        ],
        [
          0.7819967505675671,
          0.44331983474394654,
          0.4381193972262172,
          1.2623838527043996
        ],
        [
          -0.003473647367311509,
          0.7060115746324521,
          -0.7081917751277098,
          -2.0452837764962126
        ],
        [
          0.0,
          0.0,
          0.0,
          1.0
        ]
      ]
    },
    {
      "file_path": "./images/i_1003.png",
      "sharpness": 228.64999389648438,
      "transform_matrix": [
        [
          -0.4713055044145825,
          0.6096874262239466,
          0.6373008425469101,
          1.8326383218038198
        ],
        [
          0.8819690578468213,
          0.3268722925911584,
          0.3395365743752631,
          0.9690382838094527
        ],
        [
          -0.0013048073338356378,
          0.7221050801192165,
          -0.6917821556266144,
          -1.9867645907049227
        ],
        [
          0.0,
          0.0,
          0.0,
          1.0
        ]
      ]
    },
    {
      "file_path": "./images/i_1004.png",
      "sharpness": 245.13958740234375,
      "transform_matrix": [
        [
          -0.3087663654799648,
          0.6591571858782789,
          0.6856931791635287,
          1.930983073826828
        ],
        [
          0.9510402798899265,
          0.20362990462607025,
          0.23250214616292442,
          0.6455010567133143
        ],
        [
          0.01362782369959732,
          0.7239106756673136,
          -0.6897591001035582,
          -1.9349399337445692
        ],
        [
          0.0,
          0.0,
          0.0,
          1.0
        ]
      ]
    },
    {
      "file_path": "./images/i_689.png",
      "sharpness": 214.83755493164062,
      "transform_matrix": [
        [
          0.9465205327460235,
          0.030720616292767077,
          0.32117771548294344,
          0.9464225649298863
        ],
        [
          0.3225823525349759,
          -0.0707135457660961,
          -0.9438962974181457,
          -2.680634711543105
        ],
        [
          -0.006285460890293165,
          0.9970234893315194,
          -0.07684175168593063,
          -0.2397439960416053
        ],
        [
          0.0,
          0.0,
          0.0,
          1.0
        ]
      ]
    },
    {
      "file_path": "./images/i_1005.png",
      "sharpness": 223.5523681640625,
      "transform_matrix": [
        [
          -0.13756955680385477,
          0.6869789314457373,
          0.7135366598069993,
          1.9680066208015994
        ],
        [
          0.9904640007151501,
          0.08998480443511102,
          0.10432544397035678,
          0.2868885777762887
        ],
        [
          0.007461925231342689,
          0.7210843798197331,
          -0.6928070705119836,
          -1.904201032978039
        ],
        [
          0.0,
          0.0,
          0.0,
          1.0
        ]
      ]
    },
    {
      "file_path": "./images/i_1006.png",
      "sharpness": 218.72869873046875,
      "transform_matrix": [
        [
          0.03885081998744223,
          0.6949635941597814,
          0.7179945798380989,
          2.004983806932523
        ],
        [
          0.9992381621710847,
          -0.02968256602824401,
          -0.02533851882865121,
          -0.06589653144335667
        ],
        [
          0.0037025734081209336,
          0.7184320066399824,
          -0.69558733663356,
          -1.933347049797796
        ],
        [
          0.0,
          0.0,
          0.0,
          1.0
        ]
      ]
    },
    {
      "file_path": "./images/i_1007.png",
      "sharpness": 196.7802734375,
      "transform_matrix": [
        [
          0.20716391820185562,
          0.6772540625553077,
          0.70598161863157,
          2.0306902966059743
        ],
        [
          0.9782941026965766,
          -0.1470075443489335,
          -0.14604598774048738,
          -0.41143740629915054
        ],
        [
          0.004874385593364641,
          0.7209131131774282,
          -0.693008314317714,
          -1.9959640442848958
        ],
        [
          0.0,
          0.0,
          0.0,
          1.0
        ]
      ]
    },
    {
      "file_path": "./images/i_1008.png",
      "sharpness": 135.81167602539062,
      "transform_matrix": [
        [
          0.37035992507359605,
          0.7030385982795849,
          0.607099872612919,
          1.714258689381204
        ],
        [
          0.9288042142840607,
          -0.28908065847500697,
          -0.23185147061281133,
          -0.6432534730532029
        ],
        [
          0.012500298026344133,
          0.6497454134585593,
          -0.7600491038994667,
          -2.1389788754744243
        ],
        [
          0.0,
          0.0,
          0.0,
          1.0
        ]
      ]
    },
    {
      "file_path": "./images/i_692.png",
      "sharpness": 195.46835327148438,
      "transform_matrix": [
        [
          0.9768693457403216,
          -0.011122004463671318,
          -0.21354761171142075,
          -0.6101560753816053
        ],
        [
          -0.21383613439245372,
          -0.05372132403807468,
          -0.9753912686574482,
          -2.8890542639155767
        ],
        [
          -0.0006237544024721795,
          0.9984940262513351,
          -0.05485700110658468,
          -0.18974817001719732
        ],
        [
          0.0,
          0.0,
          0.0,
          1.0
        ]
      ]
    },
    {
      "file_path": "./images/i_1009.png",
      "sharpness": 114.2073974609375,
      "transform_matrix": [
        [
          0.529170112012774,
          0.6482378827891222,
          0.5475094884726021,
          1.5856875201900533
        ],
        [
          0.8483571942804122,
          -0.39171904629862364,
          -0.35615482543559873,
          -0.9967115079044316
        ],
        [
          -0.016403155321567,
          0.6529501023521659,
          -0.757223283076634,
          -2.1814387361372347
        ],
        [
          0.0,
          0.0,
          0.0,
          1.0
        ]
      ]
    },
    {
      "file_path": "./images/i_101.png",
      "sharpness": 205.44223022460938,
      "transform_matrix": [
        [
          -0.7517106819425943,
          -0.6511686226193556,
          0.10445322238915064,
          0.3112331756866192
        ],
        [
          0.6594115452980017,
          -0.7396409404353878,
          0.13456482884117532,
          0.38061958191538636
        ],
        [
          -0.010366514610099369,
          0.17003148004067406,
          0.9853841034183474,
          2.6975196859918666
        ],
        [
          0.0,
          0.0,
          0.0,
          1.0
        ]
      ]
    },
    {
      "file_path": "./images/i_1010.png",
      "sharpness": 120.62100219726562,
      "transform_matrix": [
        [
          0.6591554083761608,
          0.5613583477355314,
          0.5003908004091965,
          1.446051158121297
        ],
        [
          0.7519950515572729,
          -0.49575006146850925,
          -0.43443678365078836,
          -1.2322720305602224
        ],
        [
          0.004194054995390564,
          0.6626527612934601,
          -0.7489150338672684,
          -2.1701719194566373
        ],
        [
          0.0,
          0.0,
          0.0,
          1.0
        ]
      ]
    },
    {
      "file_path": "./images/i_1011.png",
      "sharpness": 110.77398681640625,
      "transform_matrix": [
        [
          0.7794570993124583,
          0.4753097151464213,
          0.40807757242576104,
          1.2146313170614607
        ],
        [
          0.6264465825719737,
          -0.5948847006626266,
          -0.50366345122803,
          -1.4702527138220718
        ],
        [
          0.003362972986771984,
          0.6482228533942873,
          -0.7614432499205852,
          -2.2585834402242955
        ],
        [
          0.0,
          0.0,
          0.0,
          1.0
        ]
      ]
    },
    {
      "file_path": "./images/i_638.png",
      "sharpness": 241.29928588867188,
      "transform_matrix": [
        [
          -0.9749245650914785,
          -0.016215322113187478,
          0.22194403755907324,
          0.6316980769205058
        ],
        [
          0.2225348743849763,
          -0.06849506003500237,
          0.9725156330027618,
          2.6261090109588445
        ],
        [
          -0.0005675840722307994,
          0.9975196690685844,
          0.07038599128510939,
          0.181175907153339
        ],
        [
          0.0,
          0.0,
          0.0,
          1.0
        ]
      ]
    },
    {
      "file_path": "./images/i_1012.png",
      "sharpness": 102.06338500976562,
      "transform_matrix": [
        [
          0.8747965284096655,
          0.363633890896456,
          0.32015844104437996,
          0.9604323622547833
        ],
        [
          0.48439681556631053,
          -0.6694446800768408,
          -0.563208261114423,
          -1.6529971168099027
        ],
        [
          0.009526753764790105,
          0.6477763609131137,
          -0.7617709808757697,
          -2.268629473740888
        ],
        [
          0.0,
          0.0,
          0.0,
          1.0
        ]
      ]
    },
    {
      "file_path": "./images/i_1013.png",
      "sharpness": 97.07177734375,
      "transform_matrix": [
        [
          0.9476201808289153,
          0.24227740277642845,
          0.20812893380726238,
          0.6450573080718276
        ],
        [
          0.31930371138155184,
          -0.734544393330729,
          -0.5987400722566142,
          -1.8072291047067668
        ],
        [
          0.007818751773523088,
          0.6338345165518747,
          -0.7734291647253277,
          -2.3534810721798674
        ],
        [
          0.0,
          0.0,
          0.0,
          1.0
        ]
      ]
    },
    {
      "file_path": "./images/i_1014.png",
      "sharpness": 86.41204833984375,
      "transform_matrix": [
        [
          0.9887007772927732,
          0.11041105593975192,
          0.10139118208701227,
          0.3223401245799724
        ],
        [
          0.14973754949151613,
          -0.7591544586436493,
          -0.6334533717608913,
          -1.9184994953172616
        ],
        [
          0.007031312283789271,
          0.6414779081844785,
          -0.7671092842994393,
          -2.346163414976758
        ],
        [
          0.0,
          0.0,
          0.0,
          1.0
        ]
      ]
    },
    {
      "file_path": "./images/i_1015.png",
      "sharpness": 78.26083374023438,
      "transform_matrix": [
        [
          0.9995672374283519,
          -0.020329407577874797,
          0.021261541464603972,
          0.07199025360187339
        ],
        [
          -0.0018815890767632487,
          -0.7654779447240282,
          -0.6434593815969438,
          -2.209407949618514
        ],
        [
          0.029356389090281133,
          0.6431409109760382,
          -0.765184926111365,
          -2.6514346989986377
        ],
        [
          0.0,
          0.0,
          0.0,
          1.0
        ]
      ]
    },
    {
      "file_path": "./images/i_641.png",
      "sharpness": 278.529541015625,
      "transform_matrix": [
        [
          -0.7465153560156037,
          -0.07627618488090503,
          0.6609816691489834,
          2.1336433498224094
        ],
        [
          0.6653640189802633,
          -0.08206226173977993,
          0.7419949510920418,
          2.3745113235583646
        ],
        [
          -0.002354893331294003,
          0.9937040449335066,
          0.11201216746295814,
          0.34621100379978553
        ],
        [
          0.0,
          0.0,
          0.0,
          1.0
        ]
      ]
    },
    {
      "file_path": "./images/i_1016.png",
      "sharpness": 61.515228271484375,
      "transform_matrix": [
        [
          0.9801075885220376,
          -0.15121143456215927,
          -0.1285465560691379,
          -0.36201923480867554
        ],
        [
          -0.1984667919055012,
          -0.7460295976850992,
          -0.6356498815307412,
          -1.8741091209599303
        ],
        [
          0.00021799495746591645,
          0.6485174951249562,
          -0.761199718270189,
          -2.274690468513046
        ],
        [
          0.0,
          0.0,
          0.0,
          1.0
        ]
      ]
    },
    {
      "file_path": "./images/i_1017.png",
      "sharpness": 65.828857421875,
      "transform_matrix": [
        [
          0.9313877207915672,
          -0.27383811241029954,
          -0.2398532923441315,
          -0.6776808435913657
        ],
        [
          -0.36402402860418465,
          -0.7039683416811184,
          -0.6098484078121492,
          -1.7731247920410438
        ],
        [
          -0.0018493876065492822,
          0.6553176803336123,
          -0.7553511221327589,
          -2.2295810668707206
        ],
        [
          0.0,
          0.0,
          0.0,
          1.0
        ]
      ]
    },
    {
      "file_path": "./images/i_1018.png",
      "sharpness": 59.524261474609375,
      "transform_matrix": [
        [
          0.8503838403932897,
          -0.39455966914121665,
          -0.3480948025799863,
          -0.9438248757696059
        ],
        [
          -0.5261618009137752,
          -0.6389943800357006,
          -0.5611059984917838,
          -1.5474152040574394
        ],
        [
          -0.001040825450177774,
          0.660309662079365,
          -0.7509927209677743,
          -2.1102779381078283
        ],
        [
          0.0,
          0.0,
          0.0,
          1.0
        ]
      ]
    },
    {
      "file_path": "./images/i_1019.png",
      "sharpness": 62.034698486328125,
      "transform_matrix": [
        [
          0.7484226033445418,
          -0.5026514121078504,
          -0.4326721215967451,
          -1.1483459207059707
        ],
        [
          -0.6631862979705201,
          -0.5604113206194283,
          -0.49610793775875267,
          -1.3242301090520932
        ],
        [
          0.006895000413108558,
          0.6582406168740941,
          -0.7527760286872044,
          -2.054479221635553
        ],
        [
          0.0,
          0.0,
          0.0,
          1.0
        ]
      ]
    },
    {
      "file_path": "./images/i_645.png",
      "sharpness": 280.6678771972656,
      "transform_matrix": [
        [
          -0.1386334078675874,
          -0.0894054686572844,
          0.9862998735147726,
          2.891608551239793
        ],
        [
          0.990342771648998,
          -0.011102932868974243,
          0.13819522251433272,
          0.40629488546354864
        ],
        [
          -0.001404587350779288,
          0.9959334250618574,
          0.09008129705158362,
          0.2459858174266461
        ],
        [
          0.0,
          0.0,
          0.0,
          1.0
        ]
      ]
    },
    {
      "file_path": "./images/i_102.png",
      "sharpness": 223.78976440429688,
      "transform_matrix": [
        [
          -0.6255020855910429,
          -0.7719407877920997,
          0.11337795712674491,
          0.3420730295579768
        ],
        [
          0.7800182391991183,
          -0.6153757865112619,
          0.11350853665628444,
          0.3290724118996031
        ],
        [
          -0.017851819667669844,
          0.15943670089288997,
          0.9870467319445966,
          2.7518287354168836
        ],
        [
          0.0,
          0.0,
          0.0,
          1.0
        ]
      ]
    },
    {
      "file_path": "./images/i_1020.png",
      "sharpness": 56.194091796875,
      "transform_matrix": [
        [
          0.626428788797572,
          -0.5941730536592116,
          -0.5045248804260904,
          -1.3829711540228895
        ],
        [
          -0.7793642711674377,
          -0.46634960764910677,
          -0.4184607224993422,
          -1.1405509380538228
        ],
        [
          0.013353105287954352,
          0.6553445092737383,
          -0.755212068788295,
          -2.1180045840957877
        ],
        [
          0.0,
          0.0,
          0.0,
          1.0
        ]
      ]
    },
    {
      "file_path": "./images/i_1021.png",
      "sharpness": 48.514373779296875,
      "transform_matrix": [
        [
          0.47688960600270547,
          -0.6712890818889186,
          -0.5674039763002927,
          -1.6260759709328343
        ],
        [
          -0.8789484220739622,
          -0.36046489277573107,
          -0.31227348976717595,
          -0.893052317714786
        ],
        [
          0.0050965707664476344,
          0.6476388111477925,
          -0.7619304399753698,
          -2.2268357083473984
        ],
        [
          0.0,
          0.0,
          0.0,
          1.0
        ]
      ]
    },
    {
      "file_path": "./images/i_1022.png",
      "sharpness": 50.2176513671875,
      "transform_matrix": [
        [
          0.31629742983128306,
          -0.7219289636461579,
          -0.6154465918574695,
          -1.7842629417339548
        ],
        [
          -0.9485790925072324,
          -0.2322047223666586,
          -0.2151247827896094,
          -0.6155346949694226
        ],
        [
          0.012395206500137654,
          0.6518431854801939,
          -0.7582524780694201,
          -2.2454129615658305
        ],
        [
          0.0,
          0.0,
          0.0,
          1.0
        ]
      ]
    },
    {
      "file_path": "./images/i_649.png",
      "sharpness": 154.83670043945312,
      "transform_matrix": [
        [
          0.5253803260668132,
          -0.0037362411005894916,
          0.8508593030474741,
          2.511154948825425
        ],
        [
          0.8507333018878381,
          -0.015453487217559354,
          -0.525370382485853,
          -1.5197210212366228
        ],
        [
          0.015111653779661657,
          0.999873607179826,
          -0.004940413425077131,
          -0.025945265903233167
        ],
        [
          0.0,
          0.0,
          0.0,
          1.0
        ]
      ]
    },
    {
      "file_path": "./images/i_1023.png",
      "sharpness": 47.151153564453125,
      "transform_matrix": [
        [
          0.15028861175774041,
          -0.7619580431356024,
          -0.6299470404525769,
          -1.8805823727331656
        ],
        [
          -0.9885543694687758,
          -0.10732728260665,
          -0.10602411524724771,
          -0.3043711083507403
        ],
        [
          0.013175423341099989,
          0.6386711164666701,
          -0.7693670212002619,
          -2.33110755637536
        ],
        [
          0.0,
          0.0,
          0.0,
          1.0
        ]
      ]
    },
    {
      "file_path": "./images/i_1024.png",
      "sharpness": 53.530426025390625,
      "transform_matrix": [
        [
          -0.02406801905055863,
          -0.7684480726026697,
          -0.6394593734321907,
          -1.8827525661274143
        ],
        [
          -0.9995813306207544,
          0.0287730738520608,
          0.00304527454327542,
          0.02188929274813603
        ],
        [
          0.016059076423830976,
          0.6392649450989849,
          -0.7688188578147452,
          -2.2993792485567703
        ],
        [
          0.0,
          0.0,
          0.0,
          1.0
        ]
      ]
    },
    {
      "file_path": "./images/i_1025.png",
      "sharpness": 56.2923583984375,
      "transform_matrix": [
        [
          -0.20435704302466232,
          -0.7481176826133322,
          -0.6313146062190702,
          -1.8295793146815096
        ],
        [
          -0.97877985685441,
          0.16611271095287758,
          0.11998566196610135,
          0.3614058245407146
        ],
        [
          0.015105985326291827,
          0.6424379349899494,
          -0.7661888207176706,
          -2.2576180276803823
        ],
        [
          0.0,
          0.0,
          0.0,
          1.0
        ]
      ]
    },
    {
      "file_path": "./images/i_1026.png",
      "sharpness": 55.737884521484375,
      "transform_matrix": [
        [
          -0.36200649397819457,
          -0.7090753053314582,
          -0.6051144600691515,
          -1.8621386852867494
        ],
        [
          -0.9319578172063633,
          0.2893323522119469,
          0.21849809361399394,
          0.6993284478653228
        ],
        [
          0.020147587645585614,
          0.6430388801761752,
          -0.7655684642103524,
          -2.4061859344361682
        ],
        [
          0.0,
          0.0,
          0.0,
          1.0
        ]
      ]
    },
    {
      "file_path": "./images/i_595.png",
      "sharpness": 124.3992919921875,
      "transform_matrix": [
        [
          -0.5265171123754662,
          0.1552701999027003,
          -0.8358653572771407,
          -2.2922600601228504
        ],
        [
          -0.8501640937819716,
          -0.09715819991052212,
          0.51747589106694,
          1.4428962171598345
        ],
        [
          -0.0008625884298205534,
          0.9830826258817512,
          0.18316060365211145,
          0.4879249133928168
        ],
        [
          0.0,
          0.0,
          0.0,
          1.0
        ]
      ]
    },
    {
      "file_path": "./images/i_1027.png",
      "sharpness": 61.39739990234375,
      "transform_matrix": [
        [
          -0.5263477790219818,
          -0.6528264430683377,
          -0.5447711912789035,
          -1.5573527987373004
        ],
        [
          -0.8502258502411042,
          0.4105856632698586,
          0.3294471379455898,
          0.9640327609580189
        ],
        [
          0.008603437657496184,
          0.6365823186547743,
          -0.7711607695780107,
          -2.2478252408998345
        ],
        [
          0.0,
          0.0,
          0.0,
          1.0
        ]
      ]
    },
    {
      "file_path": "./images/i_1028.png",
      "sharpness": 68.95492553710938,
      "transform_matrix": [
        [
          -0.6594022343074191,
          -0.5698976286916656,
          -0.49031151964854536,
          -1.4635076974535244
        ],
        [
          -0.7515784857003285,
          0.5152031940656255,
          0.4119410742551372,
          1.2648728301976768
        ],
        [
          0.017845819631401225,
          0.6401424542257166,
          -0.7680489340654825,
          -2.3493279846778368
        ],
        [
          0.0,
          0.0,
          0.0,
          1.0
        ]
      ]
    },
    {
      "file_path": "./images/i_1029.png",
      "sharpness": 92.67935180664062,
      "transform_matrix": [
        [
          -0.7915432795109012,
          -0.4705793003043206,
          -0.3898901882380339,
          -1.131159622557434
        ],
        [
          -0.6111131038172177,
          0.6094071934933071,
          0.5051372554692393,
          1.493050601951959
        ],
        [
          -0.00010525085164181901,
          0.6381050028792818,
          -0.7699493452963346,
          -2.28465040500743
        ],
        [
          0.0,
          0.0,
          0.0,
          1.0
        ]
      ]
    },
    {
      "file_path": "./images/i_103.png",
      "sharpness": 253.75848388671875,
      "transform_matrix": [
        [
          -0.47903824391219574,
          -0.8645390331413819,
          0.15196914536362352,
          0.45419419334056066
        ],
        [
          0.8777912035310426,
          -0.47224249985495653,
          0.08043397500909241,
          0.23758963285146936
        ],
        [
          0.002227978121259985,
          0.17192812914755207,
          0.9851069762319614,
          2.7707402478690035
        ],
        [
          0.0,
          0.0,
          0.0,
          1.0
        ]
      ]
    },
    {
      "file_path": "./images/i_599.png",
      "sharpness": 193.26922607421875,
      "transform_matrix": [
        [
          -0.9531947881708597,
          0.05190558805601669,
          -0.29786826925762805,
          -0.8487706222987853
        ],
        [
          -0.3023167240600932,
          -0.17967279485965743,
          0.9361208710109988,
          2.7412667432591893
        ],
        [
          -0.004928920136190485,
          0.9823560947090655,
          0.18695509897782522,
          0.529954462686789
        ],
        [
          0.0,
          0.0,
          0.0,
          1.0
        ]
      ]
    },
    {
      "file_path": "./images/i_1030.png",
      "sharpness": 129.00274658203125,
      "transform_matrix": [
        [
          -0.8866539318589515,
          -0.3606506520574833,
          -0.2894406888943575,
          -0.8485108333119122
        ],
        [
          -0.4622740609018275,
          0.6748222345000754,
          0.5752544171435425,
          1.720732223560834
        ],
        [
          -0.012144868206834528,
          0.6438525134249683,
          -0.7650532290188395,
          -2.29613206260643
        ],
        [
          0.0,
          0.0,
          0.0,
          1.0
        ]
      ]
    },
    {
      "file_path": "./images/i_1031.png",
      "sharpness": 173.95724487304688,
      "transform_matrix": [
        [
          -0.9516704579631732,
          -0.2432794899324592,
          -0.18745247215342953,
          -0.5386798792878078
        ],
        [
          -0.3067473425994438,
          0.7228278447832722,
          0.6192139974319437,
          1.8308299092676381
        ],
        [
          -0.015146199008322439,
          0.6467882162100259,
          -0.7625192431191601,
          -2.264186007182659
        ],
        [
          0.0,
          0.0,
          0.0,
          1.0
        ]
      ]
    },
    {
      "file_path": "./images/i_1032.png",
      "sharpness": 200.65350341796875,
      "transform_matrix": [
        [
          -0.9906597560915336,
          -0.1143682908438051,
          -0.07425053406000236,
          -0.20959106768505645
        ],
        [
          -0.13525366718125903,
          0.7550509650897411,
          0.6415640931602781,
          1.9432288371742599
        ],
        [
          -0.017311651401063263,
          0.6456143850690294,
          -0.7634673356583576,
          -2.321178314479686
        ],
        [
          0.0,
          0.0,
          0.0,
          1.0
        ]
      ]
    },
    {
      "file_path": "./images/i_1033.png",
      "sharpness": 200.61215209960938,
      "transform_matrix": [
        [
          -0.9994141756075803,
          0.016534524677494142,
          0.029965232960485574,
          0.10751767683649872
        ],
        [
          0.03207428607444423,
          0.7579447657077806,
          0.6515297171353666,
          1.9127201981643296
        ],
        [
          -0.01193925728951883,
          0.6521091485889442,
          -0.758031076250533,
          -2.2336922374661214
        ],
        [
          0.0,
          0.0,
          0.0,
          1.0
        ]
      ]
    },
    {
      "file_path": "./images/i_601.png",
      "sharpness": 211.77496337890625,
      "transform_matrix": [
        [
          -0.99949088402204,
          -0.00440928105489916,
          0.03159954264677456,
          0.12106920895269305
        ],
        [
          0.03190077024762955,
          -0.15549210638533856,
          0.9873219058194527,
          2.8037376523117943
        ],
        [
          0.0005600996725438555,
          0.9878272942117152,
          0.155553602331421,
          0.4311738591349656
        ],
        [
          0.0,
          0.0,
          0.0,
          1.0
        ]
      ]
    },
    {
      "file_path": "./images/i_1034.png",
      "sharpness": 197.27642822265625,
      "transform_matrix": [
        [
          -0.9783523122079104,
          0.14926491972444894,
          0.1433413305196899,
          0.44279055782008286
        ],
        [
          0.20664173774229758,
          0.7421834557179238,
          0.6375444378887969,
          1.893359654805453
        ],
        [
          -0.011222544690068243,
          0.653363376572679,
          -0.7569612623799125,
          -2.254901823460903
        ],
        [
          0.0,
          0.0,
          0.0,
          1.0
        ]
      ]
    },
    {
      "file_path": "./images/i_1035.png",
      "sharpness": 197.50845336914062,
      "transform_matrix": [
        [
          -0.9313999001888622,
          0.2749489864063873,
          0.23853150924006664,
          0.7186483786615182
        ],
        [
          0.36399732325468537,
          0.7027888069494393,
          0.6112232337628423,
          1.793600351686569
        ],
        [
          0.00041793379245229877,
          0.656118089795109,
          -0.7546581197300708,
          -2.224961169016673
        ],
        [
          0.0,
          0.0,
          0.0,
          1.0
        ]
      ]
    },
    {
      "file_path": "./images/i_1036.png",
      "sharpness": 191.22000122070312,
      "transform_matrix": [
        [
          -0.8515080397494913,
          0.39444850932207726,
          0.34546263449703973,
          1.0087134512967217
        ],
        [
          0.5242126804640158,
          0.655016169876072,
          0.5442011418980213,
          1.568124663639862
        ],
        [
          -0.011624282490501361,
          0.6444875411968727,
          -0.7645264451921551,
          -2.2035928000106404
        ],
        [
          0.0,
          0.0,
          0.0,
          1.0
        ]
      ]
    },
    {
      "file_path": "./images/i_1037.png",
      "sharpness": 190.71527099609375,
      "transform_matrix": [
        [
          -0.7478590742528923,
          0.5015865842212143,
          0.43487665341446835,
          1.257373599538719
        ],
        [
          0.6638513475321248,
          0.5678744085654496,
          0.4866415975620264,
          1.3863906235136187
        ],
        [
          -0.0028624256955714408,
          0.6526327870251412,
          -0.7576689593209542,
          -2.1675403089897483
        ],
        [
          0.0,
          0.0,
          0.0,
          1.0
        ]
      ]
    },
    {
      "file_path": "./images/i_605.png",
      "sharpness": 278.3396301269531,
      "transform_matrix": [
        [
          -0.7367703523006497,
          -0.14448251579138113,
          0.6605257381052128,
          1.8009370633688313
        ],
        [
          0.6761216225916231,
          -0.1652132450867357,
          0.7180279486994074,
          1.9309531748268902
        ],
        [
          0.005385116219058409,
          0.9756174385362011,
          0.21941197380027627,
          0.578737300962499
        ],
        [
          0.0,
          0.0,
          0.0,
          1.0
        ]
      ]
    },
    {
      "file_path": "./images/i_1038.png",
      "sharpness": 203.97991943359375,
      "transform_matrix": [
        [
          -0.6221953837420712,
          0.5935929117894579,
          0.5104119508998937,
          1.5285936979063095
        ],
        [
          0.7828554175521112,
          0.4744387671282295,
          0.40254844609891804,
          1.2000692343943822
        ],
        [
          -0.0032093124562813883,
          0.6500425458406147,
          -0.7598910375903731,
          -2.269448163219498
        ],
        [
          0.0,
          0.0,
          0.0,
          1.0
        ]
      ]
    },
    {
      "file_path": "./images/i_1039.png",
      "sharpness": 218.57577514648438,
      "transform_matrix": [
        [
          -0.4783017789588762,
          0.6680507601013844,
          0.570031218680874,
          1.6529739488545934
        ],
        [
          0.8781847167000824,
          0.3606209725523696,
          0.3142357673965161,
          0.9038312401335078
        ],
        [
          0.0043602307943752475,
          0.6508922308457273,
          -0.7591576202025873,
          -2.1884086020141753
        ],
        [
          0.0,
          0.0,
          0.0,
          1.0
        ]
      ]
    },
    {
      "file_path": "./images/i_104.png",
      "sharpness": 260.4609680175781,
      "transform_matrix": [
        [
          -0.32073360213317403,
          -0.9369167761894378,
          0.1389852907883988,
          0.38946240062148574
        ],
        [
          0.947165125801612,
          -0.3168172502526773,
          0.05005051856921072,
          0.14491083006557132
        ],
        [
          -0.002860232851325216,
          0.14769490354350368,
          0.9890288340765782,
          2.5999488030562072
        ],
        [
          0.0,
          0.0,
          0.0,
          1.0
        ]
      ]
    },
    {
      "file_path": "./images/i_1040.png",
      "sharpness": 213.30746459960938,
      "transform_matrix": [
        [
          -0.31624383456794797,
          0.7164913513188104,
          0.6217957708775217,
          1.6541827440223145
        ],
        [
          0.9485453960648493,
          0.22785456160487383,
          0.21987253207603452,
          0.5750039132869831
        ],
        [
          0.015857764843984167,
          0.6593348484183564,
          -0.7516821728994642,
          -1.987767347832786
        ],
        [
          0.0,
          0.0,
          0.0,
          1.0
        ]
      ]
    },
    {
      "file_path": "./images/i_667.png",
      "sharpness": 106.3941650390625,
      "transform_matrix": [
        [
          -0.5304854004135717,
          0.016741873568996958,
          -0.8475287309085858,
          -2.5675451642913796
        ],
        [
          -0.8476889182324168,
          -0.013963388629626622,
          0.5303098355541133,
          1.6249695982844254
        ],
        [
          -0.0029559928252082257,
          0.9997623385319715,
          0.021599274503205187,
          0.03834425338099804
        ],
        [
          0.0,
          0.0,
          0.0,
          1.0
        ]
      ]
    },
    {
      "file_path": "./images/i_1041.png",
      "sharpness": 204.23333740234375,
      "transform_matrix": [
        [
          -0.13549629398337568,
